8.698633515330093935e-02 9.945024999999999560e-01 5.347500000000005027e-03 1.500000000000001495e-04
-1.860159666756538988e-02 9.939223579332318037e-01 5.767217066768146397e-03 3.104250000000002949e-04
2.194981536319950619e-02 9.933597055186691449e-01 6.156852969327805507e-03 4.834415120030447063e-04
4.389954948056865036e-02 9.927345356970456169e-01 6.597317201871467571e-03 6.681471010828788411e-04
-1.728143740975162379e-01 9.920502053045476831e-01 7.083728078313233575e-03 8.660666171390229073e-04
-1.362510069985055638e-01 9.914589933543137557e-01 7.462428186197787340e-03 1.078578459488419928e-03
2.079520014243184667e-01 9.908133660917620711e-01 7.884182603163538208e-03 1.302451305074353626e-03
1.953125490903806494e-01 9.898516188762365164e-01 8.609404340594135549e-03 1.538976783169259755e-03
2.104266619790426396e-01 9.888156031092131260e-01 9.387137977399727384e-03 1.797258913387083778e-03
2.283687430505652871e-01 9.876699961310871911e-01 1.025113081620371638e-02 2.078873052709075565e-03
3.320243151621746214e-01 9.863977740724956256e-01 1.121581895030917056e-02 2.386406977195186952e-03
5.073259282166813211e-01 9.848557917262189543e-01 1.242132672807656421e-02 2.722881545704462000e-03
4.548187518780412719e-01 9.828240454150385386e-01 1.408043323741464507e-02 3.095521347546759117e-03
4.704372037112291571e-01 9.806432392553973143e-01 1.583882639993340960e-02 3.517934344669198469e-03
1.848564299519374621e-01 9.781570034363934463e-01 1.784989742693925130e-02 3.993099136667200948e-03
2.630893393471067099e-01 9.760564853709043920e-01 1.941491856962011472e-02 4.528596059475378799e-03
6.072158950128608151e-02 9.735911910620502763e-01 2.129776532138566089e-02 5.111043616563982171e-03
-4.591711568523370798e-03 9.713878500194942367e-01 2.286217340430013803e-02 5.749976576205552414e-03
-4.082049334993460843e-02 9.691772201870372250e-01 2.438693803462817222e-02 6.435841778334556833e-03
-2.549233554754422038e-01 9.669082313588267530e-01 2.592431872179980570e-02 7.167449919373402277e-03
-3.022368819794533090e-01 9.649656429053780071e-01 2.708917761359450407e-02 7.945179481027396864e-03
-2.534345760778504708e-01 9.630334616640241485e-01 2.820868352654055944e-02 8.757854809435231327e-03
-2.687341646929161665e-01 9.609250327756391208e-01 2.947085190912935790e-02 9.604115315231448458e-03
-5.160103752626634677e-01 9.587604588009324136e-01 3.075130032656216497e-02 1.048824087250532951e-02
-3.114759864178532900e-01 9.570006189791231410e-01 3.158860113857452773e-02 1.141077988230219421e-02
-3.352495192787670608e-01 9.547866562235656218e-01 3.285490585997478258e-02 1.235843791645943081e-02
-3.244590787052627490e-01 9.525432415731215352e-01 3.411267333461957818e-02 1.334408509225867498e-02
-4.882839691868545162e-01 9.501942055982051105e-01 3.543832910949736015e-02 1.436746529229726219e-02
-4.993294004499610472e-01 9.481277476053479036e-01 3.644163722906969272e-02 1.543061516558218334e-02
-4.122234366123090354e-01 9.460306978544424927e-01 3.744543786310299688e-02 1.652386428245427447e-02
2.088417103242322659e-01 9.436849691700703868e-01 3.866780341158199130e-02 1.764722741834736514e-02
2.116087684129662749e-01 9.391884614634831152e-01 4.200427701582182954e-02 1.880726152069482626e-02
5.991068235395406033e-02 9.343137739297588951e-01 4.561883623907134200e-02 2.006738983116948191e-02
3.396558939028027080e-01 9.297883858125739476e-01 4.877565926908410815e-02 2.143595491834162162e-02
2.641827559392327940e-01 9.234189942878516799e-01 5.368178101573382183e-02 2.289922469641414438e-02
3.650250785616122595e-01 9.169630639909643888e-01 5.852725788214910990e-02 2.450967812688615785e-02
5.545228351021987967e-01 9.092320155102291412e-01 6.450248862641984327e-02 2.626549586335063038e-02
5.880187952994796463e-01 8.990208010447151565e-01 7.277862843314124308e-02 2.820057052214322568e-02
1.484283369094983873e-01 8.872407567057766231e-01 8.237531391908556322e-02 3.038392937513746325e-02
1.946074346391054866e-01 8.787626247088135001e-01 8.838218649847616459e-02 3.285518879271003001e-02
-8.186058933303391738e-02 8.693273781438431991e-01 9.516596746849212418e-02 3.550665438766431592e-02
-2.403961758668720916e-01 8.617045975073402975e-01 9.993376908094020461e-02 3.836163341171908159e-02
-4.507026775666078677e-01 8.549333615971836942e-01 1.037069919186685701e-01 4.135964648414728467e-02
-3.095129188331847692e-01 8.492839578159343539e-01 1.062451859423578088e-01 4.447085624170734469e-02
-3.486374168723836431e-01 8.426626705699163944e-01 1.096791176101050147e-01 4.765821181997807743e-02
-4.631303218534806310e-01 8.361408867819830615e-01 1.129105278697351694e-01 5.094858534828122787e-02
-3.900610156485304625e-01 8.301996213508273659e-01 1.154644774647988065e-01 5.433590118437328642e-02
-2.412360397117065403e-01 8.237098472675323801e-01 1.184903172241498354e-01 5.779983550831725020e-02
-2.518472765074058484e-01 8.160417142267898383e-01 1.226037407481678637e-01 6.135454502504174290e-02
-3.356107969494196985e-01 8.082642110332777241e-01 1.267031317192349738e-01 6.503265724748677479e-02
-3.292857997163143868e-01 8.009429349974601653e-01 1.302233138034754600e-01 6.883375119906381956e-02
-9.747085039519021166e-02 7.934390993771643918e-01 1.338204500096670246e-01 7.274045061316808392e-02
-5.584513861553887411e-03 7.838073531494410551e-01 1.394375827371003296e-01 7.675506411345808799e-02
4.165146402081183058e-02 7.729389971591629216e-01 1.461228112452654104e-01 8.093819159557109899e-02
2.573957564760486968e-02 7.611642324018946804e-01 1.535138916651757335e-01 8.532187593292905881e-02
-9.115118112005142492e-02 7.491746347448567933e-01 1.608980725722584104e-01 8.992729268288432443e-02
-2.154116728944271628e-02 7.381707140584341520e-01 1.670750510815133538e-01 9.475423486005207785e-02
1.303985796187609736e-01 7.261005491512395604e-01 1.741329644562625845e-01 9.976648639249748041e-02
4.057788301592613611e-01 7.116956858147666098e-01 1.833138388590476453e-01 1.049904753261853563e-01
3.286712367720892036e-01 6.921199952122739640e-01 1.973901142957688593e-01 1.104898904919567881e-01
2.585074794095680861e-01 6.731421500435549321e-01 2.104462560356147871e-01 1.164115939208298506e-01
4.496520563413696214e-01 6.547972072755438022e-01 2.224778111225574895e-01 1.227249816018982920e-01
4.985869727930579698e-01 6.319583206663602626e-01 2.386423633980643555e-01 1.293993159355750211e-01
4.272691681274503606e-01 6.071287306379063997e-01 2.563126825245762852e-01 1.365585868375169543e-01
4.420164067580621414e-01 5.832719672621747842e-01 2.724800654245705944e-01 1.442479673132542328e-01
3.494435728474702962e-01 5.585449845335949126e-01 2.890326461904133004e-01 1.524223692759913429e-01
3.564099022638788083e-01 5.356486231649469909e-01 3.032580281733487926e-01 1.610933486617037447e-01
3.501888495772123022e-01 5.124490949281496066e-01 3.173598155649456909e-01 1.701910895069042029e-01
3.224446753220266970e-01 4.893663341614103990e-01 3.309217818647365306e-01 1.797118839738525709e-01
2.311353656962504832e-01 4.670102680000463580e-01 3.433501945701584734e-01 1.896395374297946690e-01
4.815169941766860306e-01 4.468059339152182230e-01 3.532540228178818187e-01 1.999400432668994310e-01
6.319335068905901354e-01 4.212597389697190775e-01 3.682025970788445068e-01 2.105376639514358883e-01
6.366738799968962859e-01 3.920799573912622238e-01 3.863363007449360231e-01 2.215837418638012257e-01
2.909524586066244978e-01 3.634484566691851271e-01 4.033777124446650264e-01 2.331738308861493192e-01
4.023578696866070281e-01 3.438368228776734759e-01 4.108880148628367146e-01 2.452751622594892822e-01
5.859716486648248734e-01 3.227108041073836753e-01 4.196873931872414087e-01 2.576018027053743609e-01
5.839727931200739963e-01 2.983762337512074758e-01 4.314313417478004009e-01 2.701924245009916237e-01
1.351908321690850623e-01 2.752932428136698473e-01 4.415713924329039974e-01 2.831353647534256557e-01
-1.858894197901199696e-01 2.613774128497841631e-01 4.422400806238025450e-01 2.963825065264127923e-01
-5.549606899809520488e-01 2.517790888415331052e-01 4.385712022133395060e-01 3.096497089451268891e-01
-7.438498415595087287e-01 2.454397582058542027e-01 4.317533967826182040e-01 3.228068450115270660e-01
-5.661125356597001002e-01 2.404032355034368962e-01 4.238373175815569605e-01 3.357594469150055883e-01
-4.885959973369221054e-01 2.346185473656602349e-01 4.169068861918869273e-01 3.484745664424522826e-01
-3.924850892101780508e-01 2.286177789777996960e-01 4.104004479939908356e-01 3.609817730282088855e-01
-4.991718208184229288e-01 2.222810706278741111e-01 4.044251429040967016e-01 3.732937864680286322e-01
-4.649865378637688118e-01 2.168240818554134086e-01 3.977493773894344997e-01 3.854265407551515366e-01
-4.557223101835443102e-01 2.114068685436474027e-01 3.912341093795174696e-01 3.973590220768345449e-01
-4.915200437220156732e-02 2.061631651274153931e-01 3.847407895143639678e-01 4.090960453582200840e-01
-2.618275815439370935e-01 1.986116714920153070e-01 3.807500594643331016e-01 4.206382690436509808e-01
-1.676418606116217014e-01 1.927915175427447614e-01 3.751477116296736414e-01 4.320607708275809866e-01
-7.153381488391799548e-02 1.866752807847529005e-01 3.700095170387753263e-01 4.433152021764711903e-01
-5.925081091767434027e-02 1.802449551421343443e-01 3.653395571702305888e-01 4.544154876876344562e-01
4.113970766633747583e-02 1.740387301489453309e-01 3.605855954483127013e-01 4.653756744027413572e-01
-1.535643635243737724e-02 1.674995842457220052e-01 3.563071734880866592e-01 4.761932422661907527e-01
6.048759803161492254e-02 1.616224030028406422e-01 3.514951395263254397e-01 4.868824574708333630e-01
1.192891928113614108e-01 1.555872218066254031e-01 3.469854665367509416e-01 4.974273116566231279e-01
1.038122431238670818e-01 1.495045855123514067e-01 3.426585388349224215e-01 5.078368756527256167e-01
-8.089202351128887969e-02 1.438212779899178395e-01 3.380620901923083177e-01 5.181166318177733432e-01
2.833857962877887604e-01 1.393370399711711394e-01 3.324044655052857400e-01 5.282584945235425655e-01
3.376110181966426316e-01 1.331880141420612174e-01 3.285813573692371037e-01 5.382306284887011794e-01
3.171288175541334131e-01 1.270541992563148648e-01 3.248577315339063465e-01 5.480880692097782614e-01
2.260269494728648076e-01 1.213864643859449421e-01 3.207797344582590804e-01 5.578338011557955056e-01
-1.951404057310483775e-02 1.165051200723932756e-01 3.160376867380629839e-01 5.674571931895432408e-01
-1.274953429285543560e-01 1.128942734116254731e-01 3.101674027966889180e-01 5.769383237916850815e-01
-2.198788068224499237e-01 1.098118127533345145e-01 3.039448413710791885e-01 5.862433458755857973e-01
-2.442865851359759810e-01 1.071329424666047775e-01 2.975053664166765199e-01 5.953616911167182169e-01
-6.076245641546053344e-02 1.046364772392558845e-01 2.910766706515250934e-01 6.042868521092185086e-01
-2.329715358668493219e-01 1.017703088014483837e-01 2.852105389697868199e-01 6.130191522287642414e-01
-1.731284560668324979e-01 9.947094119265456613e-02 2.789535904094870289e-01 6.215754683978578221e-01
-1.280224393382695071e-03 9.713727115805707857e-02 2.729186527317998823e-01 6.299440761101424702e-01
2.597004023963643549e-02 9.448960561727222374e-02 2.673787586906307689e-01 6.381316356920965216e-01
8.439856778778889387e-03 9.189668283114657554e-02 2.619503187160374669e-01 6.461529984528154857e-01
-6.908561316770073235e-02 8.946904358703676452e-02 2.565194483986661389e-01 6.540115080142966386e-01
-3.023038107009741737e-01 8.732719092902459235e-02 2.509657176047183080e-01 6.617070914662566139e-01
-3.201023101445302776e-01 8.570734013325824463e-02 2.450565968723431021e-01 6.692360629943981953e-01
-1.599717113476565034e-01 8.418235451328831553e-02 2.392298845861427492e-01 6.765877609005684912e-01
-2.156214483556937456e-01 8.246617913190730509e-02 2.337691634299394750e-01 6.837646574381527342e-01
-1.671139367767189576e-01 8.091229049611779744e-02 2.283099771628308017e-01 6.907777323410508874e-01
6.733008582962340949e-02 7.934927700897068115e-02 2.230236913350930050e-01 6.976270316559357587e-01
2.830893431351216294e-01 7.745634481099003543e-02 2.182259127930208653e-01 7.043177423959885441e-01
1.806988387844427613e-01 7.521294098096822922e-02 2.139225392392520575e-01 7.108645197797791582e-01
2.895556836706084658e-01 7.328530233603273991e-02 2.094325017070099992e-01 7.172821959569567474e-01
2.005265175747990569e-01 7.123502127531665395e-02 2.051998077165157752e-01 7.235651710081670851e-01
1.227507950685648719e-01 6.944870618155192521e-02 2.008301285787850443e-01 7.297211652396625725e-01
3.063092051083124434e-01 6.787181030122960146e-02 1.963821206017438148e-01 7.357460690970261119e-01
4.871520713843430772e-01 6.606122172490970501e-02 1.923012455600113801e-01 7.416375327150783736e-01
5.528923660254195793e-01 6.399348065028077903e-02 1.885999492678399614e-01 7.474065700818787183e-01
5.898583087537215830e-01 6.189552932622652964e-02 1.850399021138590117e-01 7.530645685599138828e-01
5.333096540993679247e-01 5.982968838567145203e-02 1.815545459909983228e-01 7.586157656233296631e-01
2.364619425109959483e-01 5.797813043792085508e-02 1.779594675590189801e-01 7.640624020030596375e-01
5.509476744553312155e-01 5.667111889975493672e-02 1.739276950704143343e-01 7.694011860298302086e-01
2.431827050712492000e-01 5.496108758362467511e-02 1.704198955344321809e-01 7.746190168819426791e-01
2.430367263628900321e-01 5.376658107707010109e-02 1.665018051749537764e-01 7.797316137479756160e-01
1.763420640591894240e-01 5.262506803736358152e-02 1.626482640594116846e-01 7.847266679032242065e-01
3.032046844255087970e-01 5.160406628351209973e-02 1.587898178914808056e-01 7.896061158250065048e-01
3.687576087803155489e-01 5.049441454893310866e-02 1.551357750893153642e-01 7.943698103617509165e-01
1.697562946016034913e-01 4.936174116417795660e-02 1.516143752213910678e-01 7.990238836144303303e-01
1.160370042089381992e-01 4.847488115264483172e-02 1.479528039762824654e-01 8.035723148710720576e-01
-5.818695572358835444e-02 4.766943931662290246e-02 1.443196616930159104e-01 8.080108989903604932e-01
-3.978348888100482483e-01 4.702036373349375437e-02 1.406391474253545770e-01 8.123404888411509539e-01
